[Cx0]
21
Mach	CX0
0.01	0.149073
0.4	0.145378
0.6	0.14601
0.7	0.146968
0.75	0.149461
0.8	0.154876
0.85	0.158648
0.875	0.171478
0.9	0.190377
0.925	0.213274
0.95	0.251111
0.975	0.299294
1.0	0.351898
1.025	0.384818
1.05	0.405957
1.1	0.407287
1.2	0.401909
1.35	0.383834
1.5	0.366869
1.75	0.343209
2.0	0.324178

[Cx2]
21
Mach	CX2
0.01	2.5409
0.4	2.5409
0.6	2.55075
0.7	2.82403
0.75	2.94171
0.8	3.04537
0.85	3.24365
0.875	3.37223
0.9	3.49281
0.925	3.6438
0.95	3.8325
0.975	4.09109
1.0	4.37718
1.025	4.64823
1.05	4.88593
1.1	5.48135
1.2	6.12915
1.35	5.58289
1.5	5.0634
1.75	4.51718
2.0	3.96081


[Cy0]
2
Mach	Cy0
0.01	0
2.0	0


[Cz0]
2
Mach	Cz0
0.01	0
2.0	0


[CnA]
21
Mach	CNa
0.01	1.74199
0.4	1.7485
0.6	1.72962
0.7	1.71453
0.75	1.69941
0.8	1.72929
0.85	1.74625
0.875	1.78421
0.9	1.83954
0.925	1.91833
0.95	1.99715
0.975	2.05044
1.0	2.07639
1.025	2.12175
1.05	2.16544
1.1	2.23509
1.2	2.3127
1.35	2.41494
1.5	2.5253
1.75	2.66395
2.0	2.78072


[CypA]
21
Mach	CYpa
0.01	-0.879877
0.4	-0.879877
0.6	-0.879877
0.7	-0.889503
0.75	-0.897316
0.8	-0.912941
0.85	-0.941192
0.875	-0.960631
0.9	-0.982069
0.925	-1.10589
0.95	-1.25496
0.975	-1.1127
1.0	-1.03076
1.025	-0.987882
1.05	-0.948005
1.1	-0.88369
1.2	-0.801936
1.35	-0.720995
1.5	-0.694744
1.75	-0.667492
2.0	-0.626616


[Clp]
21
Mach	Clp
0.01	-0.025646
0.4	-0.0259013
0.6	-0.0257406
0.7	-0.0255861
0.75	-0.0253765
0.8	-0.0252472
0.85	-0.0250853
0.875	-0.0250402
0.9	-0.0250491
0.925	-0.0250948
0.95	-0.0253803
0.975	-0.0259136
1.0	-0.0265252
1.025	-0.026323
1.05	-0.0262448
1.1	-0.0259207
1.2	-0.0254061
1.35	-0.024835
1.5	-0.0241576
1.75	-0.0229295
2.0	-0.021875


[Cmq]
21
Mach	Cmq
0.01	-16.2413
0.4	-16.1634
0.6	-15.8778
0.7	-15.8432
0.75	-15.9607
0.8	-16.4744
0.85	-16.75
0.875	-17.5664
0.9	-18.249
0.925	-21.3408
0.95	-20.2793
0.975	-22.562
1.0	-24.8877
1.025	-28.9081
1.05	-32.6165
1.1	-39.1649
1.2	-46.0873
1.35	-46.2112
1.5	-46.151
1.75	-42.5993
2.0	-39.9336

[CnpA]
21
Mach	Cnpa	
0.01	-1.96316
0.4	-1.96316
0.6	-1.97859
0.7	-1.99279
0.75	-1.92762
0.8	-1.77275
0.85	-1.48914
0.875	-1.13842
0.9	-1.04774
0.925	-0.778995
0.95	-0.359536
0.975	0.0575965
1.0	0.355969
1.025	0.720668
1.05	0.847739
1.1	0.986578
1.2	1.03735
1.35	1.11103
1.5	1.16385
1.75	1.18756
2.0	1.17723


[Cma]
21
Mach	Cma
0.01	3.45928
0.4	3.47005
0.6	3.4632
0.7	3.45662
0.75	3.45107
0.8	3.51163
0.85	3.69305
0.875	3.7912
0.9	3.87362
0.925	3.97064
0.95	3.95083
0.975	3.88218
1.0	3.74818
1.025	3.55747
1.05	3.47707
1.1	3.49014
1.2	3.45061
1.35	3.41331
1.5	3.23563
1.75	3.018
2.0	2.93654


[YIdeal]
31
X	Error
0	0
34.52	0
69.09	0
103.71	-0.01
138.89	-0.01
173.12	-0.02
207.9	-0.02
242.74	-0.03
277.63	-0.04
312.58	-0.05
347.6	-0.07
382.67	-0.08
417.8	-0.1
453	-0.11
488.27	-0.13
523.6	-0.15
559	-0.18
594.47	-0.2
630.01	-0.23
665.62	-0.25
701.3	-0.28
737.07	-0.32
772.91	-0.35
808.83	-0.39
844.84	-0.42
880.83	-0.47
917.1	-0.51
953.36	-0.55
989.71	-0.6
1026.16	-0.65
1062.7	-0.7


[ZIdeal]
31
X	Error
0	0
34.52	-36.17
69.09	-72.19
103.71	-108.37
138.89	-144.39
173.12	-180.36
207.9	-216.28
242.74	-252.15
277.63	-287.96
312.58	-323.72
347.6	-359.41
382.67	-395.05
417.8	-430.63
453	-466.14
488.27	-501.59
523.6	-536.98
559	-572.3
594.47	-607.55
630.01	-642.72
665.62	-677.83
701.3	-712.86
737.07	-747.82
772.91	-782.69
808.83	-817.49
844.84	-852.2
880.83	-886.83
917.1	-921.38
953.36	-955.83
989.71	-990.19
1026.16	-1024.45
1062.7	-1058.62


[ThrustProfile]
6
Time		Thrust	
00.000000	0
00.000049	0
00.000050	2000
00.000349	2000
00.000350	-1
10.000000	-1


[SI]
332
Time	Velocity
0.00	0.00
0.01	128.14
0.02	256.14
0.03	384.01
0.04	511.75
0.05	639.35
0.06	766.82
0.07	894.15
0.08	1021.36
0.09	1148.43
0.10	1275.36
0.11	1402.17
0.12	1528.84
0.13	1655.39
0.14	1781.80
0.15	1908.07
0.16	2034.22
0.17	2160.24
0.18	2286.13
0.19	2411.88
0.20	2537.51
0.21	2663.00
0.22	2788.37
0.23	2913.61
0.24	3038.71
0.25	3163.69
0.26	3288.54
0.27	3413.26
0.28	3537.85
0.29	3662.32
0.30	3786.65
0.31	3910.86
0.32	4034.94
0.33	4158.90
0.34	4282.72
0.35	4406.42
0.36	4530.00
0.37	4653.44
0.38	4776.76
0.39	4899.96
0.40	5023.03
0.41	5145.97
0.42	5268.79
0.43	5391.48
0.44	5514.05
0.45	5636.49
0.46	5758.81
0.47	5881.00
0.48	6003.07
0.49	6125.02
0.50	6246.84
0.51	6368.54
0.52	6490.11
0.53	6611.56
0.54	6732.89
0.55	6854.10
0.56	6975.18
0.57	7096.15
0.58	7216.99
0.59	7337.70
0.60	7458.30
0.61	7578.78
0.62	7699.13
0.63	7819.36
0.64	7939.47
0.65	8059.47
0.66	8179.34
0.67	8299.09
0.68	8418.72
0.69	8538.23
0.70	8657.62
0.71	8776.89
0.72	8896.04
0.73	9015.08
0.74	9133.99
0.75	9252.79
0.76	9371.47
0.77	9490.03
0.78	9608.47
0.79	9726.79
0.80	9845.00
0.81	9963.09
0.82	10081.06
0.83	10198.91
0.84	10316.65
0.85	10434.27
0.86	10551.77
0.87	10669.16
0.88	10786.43
0.89	10903.59
0.90	11020.63
0.91	11137.55
0.92	11254.36
0.93	11371.05
0.94	11487.63
0.95	11604.10
0.96	11720.45
0.97	11836.68
0.98	11952.80
0.99	12068.81
1.00	12184.70
1.01	12300.48
1.02	12416.15
1.03	12531.70
1.04	12647.14
1.05	12762.46
1.06	12877.68
1.07	12992.78
1.08	13107.77
1.09	13222.64
1.10	13337.41
1.11	13452.06
1.12	13566.60
1.13	13681.03
1.14	13795.35
1.15	13909.55
1.16	14023.65
1.17	14137.63
1.18	14251.51
1.19	14365.27
1.20	14478.92
1.21	14592.47
1.22	14705.90
1.23	14819.22
1.24	14932.44
1.25	15045.54
1.26	15158.54
1.27	15271.42
1.28	15384.20
1.29	15496.87
1.30	15609.43
1.31	15721.88
1.32	15834.22
1.33	15946.46
1.34	16058.58
1.35	16170.60
1.36	16282.51
1.37	16394.32
1.38	16506.02
1.39	16617.61
1.40	16729.09
1.41	16840.47
1.42	16951.74
1.43	17062.90
1.44	17173.96
1.45	17284.91
1.46	17395.75
1.47	17506.49
1.48	17617.13
1.49	17727.66
1.50	17838.08
1.51	17948.40
1.52	18058.61
1.53	18168.72
1.54	18278.73
1.55	18388.63
1.56	18498.42
1.57	18608.11
1.58	18717.70
1.59	18827.18
1.60	18936.57
1.61	19045.84
1.62	19155.02
1.63	19264.09
1.64	19373.05
1.65	19481.92
1.66	19590.68
1.67	19699.34
1.68	19807.90
1.69	19916.36
1.70	20024.71
1.71	20132.96
1.72	20241.11
1.73	20349.16
1.74	20457.11
1.75	20564.95
1.76	20672.70
1.77	20780.34
1.78	20887.88
1.79	20995.32
1.80	21102.67
1.81	21209.91
1.82	21317.05
1.83	21424.09
1.84	21531.03
1.85	21637.87
1.86	21744.62
1.87	21851.26
1.88	21957.80
1.89	22064.25
1.90	22170.59
1.91	22276.84
1.92	22382.99
1.93	22489.04
1.94	22594.99
1.95	22700.84
1.96	22806.60
1.97	22912.25
1.98	23017.81
1.99	23123.28
2.00	23228.64
2.01	23333.91
2.02	23439.08
2.03	23544.15
2.04	23649.13
2.05	23754.00
2.06	23858.79
2.07	23963.47
2.08	24068.06
2.09	24172.56
2.10	24276.95
2.11	24381.26
2.12	24485.46
2.13	24589.57
2.14	24693.59
2.15	24797.51
2.16	24901.33
2.17	25005.06
2.18	25108.70
2.19	25212.24
2.20	25315.68
2.21	25419.04
2.22	25522.29
2.23	25625.46
2.24	25728.52
2.25	25831.50
2.26	25934.38
2.27	26037.17
2.28	26139.86
2.29	26242.47
2.30	26344.98
2.31	26447.39
2.32	26549.71
2.33	26651.95
2.34	26754.08
2.35	26856.13
2.36	26958.08
2.37	27059.95
2.38	27161.72
2.39	27263.39
2.40	27364.98
2.41	27466.48
2.42	27567.88
2.43	27669.19
2.44	27770.42
2.45	27871.55
2.46	27972.59
2.47	28073.54
2.48	28174.40
2.49	28275.17
2.50	28375.85
2.51	28476.44
2.52	28576.94
2.53	28677.35
2.54	28777.67
2.55	28877.90
2.56	28978.04
2.57	29078.10
2.58	29178.06
2.59	29277.93
2.60	29377.72
2.61	29477.42
2.62	29577.03
2.63	29676.55
2.64	29775.98
2.65	29875.33
2.66	29974.59
2.67	30073.76
2.68	30172.84
2.69	30271.83
2.70	30370.74
2.71	30469.56
2.72	30568.29
2.73	30666.94
2.74	30765.50
2.75	30863.97
2.76	30962.36
2.77	31060.66
2.78	31158.87
2.79	31257.00
2.80	31355.04
2.81	31453.00
2.82	31550.87
2.83	31648.66
2.84	31746.35
2.85	31843.97
2.86	31941.50
2.87	32038.94
2.88	32136.30
2.89	32233.57
2.90	32330.76
2.91	32427.87
2.92	32524.89
2.93	32621.83
2.94	32718.68
2.95	32815.45
2.96	32912.13
2.97	33008.73
2.98	33105.25
2.99	33201.68
3.00	33298.03
3.01	33394.30
3.02	33490.48
3.03	33586.59
3.04	33682.60
3.05	33778.54
3.06	33874.39
3.07	33970.16
3.08	34065.85
3.09	34161.45
3.10	34256.98
3.11	34352.42
3.12	34447.78
3.13	34543.06
3.14	34638.25
3.15	34733.37
3.16	34828.40
3.17	34923.35
3.18	35018.22
3.19	35113.01
3.20	35207.72
3.21	35302.35
3.22	35396.90
3.23	35491.36
3.24	35585.75
3.25	35680.06
3.26	35774.28
3.27	35868.43
3.28	35962.50
3.29	36056.48
3.30	36150.39
3.31	36244.22
